%YAML:1.0
R: !!opencv-matrix
   rows: 3
   cols: 3
   dt: d
   data: [ 9.9999266681168397e-01, 1.1576710377343971e-03,
       3.6504959423130801e-03, -1.1110750174500405e-03,
       9.9991821802791436e-01, -1.2740595283811542e-02,
       -3.6649468157193893e-03, 1.2736445879784260e-02,
       9.9991217169868940e-01 ]
T: !!opencv-matrix
   rows: 3
   cols: 1
   dt: d
   data: [ -2.50e+01, -1.1853301202394763e-01,
       -1.3956485320394347e-01 ]
