%YAML:1.0
M1: !!opencv-matrix
   rows: 3
   cols: 3
   dt: d
   data: [ 2.1102845422039572e+03, 0., 1.3371777817527804e+03, 0.,
       2.1099967106802037e+03, 9.6770516528651433e+02, 0., 0., 1. ]
D1: !!opencv-matrix
   rows: 5
   cols: 1
   dt: d
   data: [ -9.8237302363664070e-02, 8.5404257071666295e-02,
       2.2157292082804601e-04, -6.7555133450274797e-05,
       1.4949231159613949e-01 ]
M2: !!opencv-matrix
   rows: 3
   cols: 3
   dt: d
   data: [ 2.1080454863154951e+03, 0., 1.2944130935034059e+03, 0.,
       2.1083919572481072e+03, 1.0112601425228062e+03, 0., 0., 1. ]
D2: !!opencv-matrix
   rows: 5
   cols: 1
   dt: d
   data: [ -9.8666718175414794e-02, 9.7779763850499885e-02,
       -2.8453253031277844e-04, -4.4661929761932175e-04,
       1.3075339671327391e-01 ]
